13d80eec-8347-4bc7-8a8a-57b1ef648aa4,2,1,1,2,1,1,0801-2002
fc75cba1-e71c-453c-8d95-99edbfb9c589,2,1,1,2,1,1,0801-1997
a6bbf955-4822-4228-bb4f-6ed415f319ff,2,1,1,2,1,2,0801-2002-12021
8cdb3cb5-524f-4357-b4c3-71445e8f7f90,2,2,1,2,2,1,0901-1989
8ef04390-a23d-444e-af4d-50330c9fce6e,1,2,2,3,3,1,0801-2001
a635d9ab-8e4a-4bb2-a9ee-950f70695368,1,2,2,3,3,1,0801-2001
3a851889-04bf-4510-be17-698277b7ffa4,1,1,1,1,1,1,0801-2002
5e89242f-969c-4c62-9271-e09cc3df6acf,2,1,1,2,1,1,0802-1987
23a1f4ad-8ba8-4f99-9dc7-bd60af485cc5,2,1,1,2,1,1,0802-1987
f00711cb-6324-40ee-aaeb-d93efc4d70b2,2,1,1,2,1,1,0801-2002
b2b0cd10-8777-4a0f-bf3d-63767582ae06,2,1,1,2,1,1,0801-2002
26bd9c35-d8e5-4c3d-b1cb-5ea9f56007cf,2,1,1,2,1,1,0801-1880
7c849359-6b16-4231-8547-70d567d3fe78,2,1,1,2,2,1,0801-2000
b3f4c627-0abe-4e3b-996a-f0316231c3ba,2,1,1,1,1,1,0801-2003
70ef522c-9953-481d-824c-25e164c3ad83,1,1,1,2,2,1,0701-2001
af512a91-92d0-458b-b65e-ddcc3728b5a8,1,1,1,1,1,1,1
c638bb88-3527-4422-9acf-26ebadc1065f,2,2,2,2,1,2,2
e61299c9-b6c7-496d-848c-bc1777de93ee,3,3,3,3,3,3,3
ffa0da9f-697a-4237-9a3f-197d3a807525,4,4,4,4,4,4,4
f5a49fda-e165-4bdc-8722-ae8f76f86eb5,5,5,5,5,5,5,5
b66baef2-5ab7-42a8-a234-efb6b21ba310,1,1,1,1,1,1,1
06a1bafc-0bb1-4bff-8984-941a26c7eb77,1,1,1,1,1,1,0801
fbab9737-d491-42ec-8fd3-2b59900c72c4,2,2,2,2,2,2,2
206083b4-e50a-4023-87f5-61941dfa3e23,1,1,1,1,1,1,0801-1992
ec4459e9-e682-4fa8-9e4e-ac8fed4c9b52,1,1,1,1,1,1,2
a1ca8d95-d456-45d4-acf4-79bb7c3fe9f7,1,1,1,1,1,1,0801-1993
e601cf87-5553-4af9-952f-03a49831e933,1,1,1,1,1,1,0801-2002
